38860 2214.487
24753 2214.663
33446 2216.526
31490 2216.527
36110 2216.529
37165 2216.530
39363 2216.892
29107 2217.506
33456 2220.485
35951 2222.493
35951 2222.495
29522 2222.510
31598 2229.238
37216 2229.243
31598 2229.494
33412 2229.498
37216 2229.499
37179 2229.603
31598 2229.750
33412 2229.754
37216 2229.755
31598 2230.007
33412 2230.010
37216 2230.010
31598 2230.263
33412 2230.266
37216 2230.267
31598 2230.518
33412 2230.522
37216 2230.523
31598 2230.774
33412 2230.778
37216 2230.778
33433 2230.796
33412 2231.290
27640 2232.259
28537 2232.501
28537 2232.502
31701 2232.503
37386 2232.505
34505 2233.425
36423 2235.470
28414 2235.847
39209 2240.704
33320 2241.600
33320 2241.601
32378 2242.503
28384 2242.505
28888 2242.510
24680 2242.510
37348 2242.510
90004 2242.518
39088 2243.334
38782 2243.765
35937 2244.095
29522 2244.301
39363 2244.729
28649 2245.686
29710 2245.686
36795 2245.686
32783 2245.688
37849 2248.028
32783 2249.688
28051 2250.010
35951 2275.505
35938 2275.577
35938 2275.580
35938 2275.581
35938 2275.905
35938 2275.908
35938 2275.909
37874 2276.396
35938 2276.601
35938 2276.604
35938 2276.605
35938 2277.625
35938 2277.628
35938 2277.629
26619 2278.407
35938 2278.649
35938 2278.652
35938 2278.653
39209 2243.814
35937 2245.797
32378 2242.759
32378 2242.247
38466 2242.506
39209 2242.894
35937 2243.403
32378 2243.528
28384 2243.528
35951 2245.338
39209 2245.534
35937 2245.451
32378 2245.903
35951 2278.168
32958 2246.396
28051 2246.010
37849 2246.979
37214 2246.406
37849 2246.125
37849 2247.503
28051 2250.010
29710 2249.686
37387 2250.006
28649 2249.686
37849 2249.930
37849 2249.076
37849 2240.688
35937 2240.100
35937 2240.332
23533 2240.576
35951 2240.586
29522 2240.590
32378 2241.480
28384 2241.480
29522 2241.615
37849 2241.736
35937 2241.356
35937 2241.356
26092 2241.607
39209 2241.794
35937 2242.380
37849 2243.833
37930 2243.543
39209 2243.604
29522 2237.517
10033 2237.517
36834 2234.001
36834 2238.001
37180 2243.844
38046 2236.570
35951 2237.517
39150 2235.131
37180 2235.844
37849 2237.542
37849 2234.396
37849 2242.784
37849 2244.882
37849 2245.930
33314  2243.340
24753 2212.616
32289 2212.812
28054 2222.496
33408 2224.566
38038 2225.521
28051 2234.009
39260 2236.892
38038 2241.520
39262 2246.806
35937 2247.492
37849 2233.076
37849 2232.027
37387 2234.005
35937 2234.892
38861 2239.040
35931 2234.004
33433 2246.795
38997 2233.565
33434 2233.995
38773 2232.505
33409 2235.447
37216 2246.010
37216 2246.266
31598 2246.007
31598 2246.263
32376 2246.276
33412 2246.266
38248 2234.005
37849 2232.027
35951 2232.409
37820 2232.220
25991 2237.511
28054 2237.512
23533 2237.528
37180 2251.844
27392 2245.863
33320 2257.600
39260 2252.893
38861 2255.041
39630 2237.516
23533 2246.360
39630 2241.612
29522 2248.398
35951 2241.612
29522 2246.350
29522 2247.374
23533 2247.384
36119 2248.503
35951 2248.409
20963 2242.498
39751 2242.508
36121 2266.322
38012 2269.200
39019 2269.200
29108 2268.457
24753 2213.640
24753 2210.568
24753 2211.592
27391 2211.011
25635 2215.007
38354 2211.850
29505 2213.523
28479 2217.371
27640 2212.511
34388 2218.008
39260 2218.568
29499 2230.013
39150 2225.132
38771 2230.010
39262 2230.806
28537 2234.064
28537 2230.939
35951 2244.312
35951 2246.360
35938 2269.105
35938 2271.481
39678 2270.517
26464 2249.006
35937 2246.473
35937 2248.521
35937 2249.545
31113 2273.522
26934 2242.479
35937 2244.421
39209 2242.493
39232 2242.511
39232 2244.559
26619 2242.408
35931 2250.004
37849 2250.125
24753 2252.507
33434 2249.995
38248 2250.006
35951 2252.505
37849 2255.367
37849 2252.222
29479 2252.224
29479 2255.700
29522 2252.495
36834 2253.841
39634 2254.116
35937 2255.688
35937 2252.616
10033 2252.536
23533 2252.507
39630 2252.505
24753 2252.506
78407 2252.515
78408 2252.515
78409 2252.515
24753 2203.400
24753 2202.376
36508 2201.010
24753 2201.352
39380 2202.513
90020 2242.504
27391 2212.059
27640 2210.937
40118 2212.568
33321 2213.800
27640 2212.253
31140 2210.906
36599 2213.015
27391 2213.111
29107 2213.006
26958 2245.014
39630 2245.338
39630 2262.181
39630 2264.843
25789 2263.151
25789 2264.200
32958 2264.650
29522 2245.327
37849 2243.956
39630 2272.831
39630 2270.168
23533 2243.290
23533 2244.314
23533 2245.338
23533 2243.653
39630 2244.314
40137 2242.404
39086 2280.005
36121 2282.160
39765 2280.005
26619 2282.407
19822 2280.509
37387 2280.008
39012 2279.672
39497 2280.036
39497 2279.972
37941 2280.727
39497 2279.404
39497 2280.604
40301 2280.011
31304 2280.504
31698 2280.000
19460 2282.452
27640 2222.307
33412 2225.147
40013 2224.005
37820 2232.603
35683 2233.338
38709 2233.333
37216 2232.315
40344 2232.5
40344 2277.515
39765 2279.406
36037 2235.009
25544  143.050
35938 2279.671
39497 2276.036
26958 2223.014
36122 2274.479
35938 2272.505
32750 2272.945
29658 2272.945
33244 2272.945
32283 2272.945
31797 2272.945
32750 2273.072
29658 2273.072
33244 2273.072
32283 2273.072
31797 2273.072
35951 2272.842
19822 2279.984
